0 300
1 300
2 300
3 300
4 300
5 300
6 300
7 300
8 300
9 300
10 300
11 300
12 300
13 300
14 300
15 300
16 300
17 300
18 300
19 300
20 300
21 300
22 300
23 300
24 300
25 300
26 300
27 300
28 300
29 300
30 300
31 300
32 300
33 42
34 612
35 300
36 300
37 300
38 300
39 300
40 300
41 300
42 42
43 300
44 300
45 300
46 300
47 300
48 300
49 300
50 300
51 300
52 300
53 300
54 300
55 300
56 300
57 300
58 300
59 300
60 300
61 300
62 300
63 300
64 300
65 300
66 300
67 300
68 300
69 300
70 300
71 300
72 300
73 300
74 300
75 300
76 300
77 300
78 300
79 300
80 300
81 300
82 300
83 300
84 300
85 300
86 300
87 300
88 300
89 300
90 300
91 300
92 300
93 300
94 300
95 300
96 300
97 300
98 300
99 300
100 300
101 300
102 300
103 300
104 300
105 300
106 300
107 1905
108 300
109 300
110 300
111 300
112 300
113 300
114 300
115 300
116 300
117 300
118 300
119 300
120 300
121 300
122 300
123 300
124 300
125 300
126 300
127 300
128 300
129 300
130 300
131 300
132 300
133 300
134 300
135 300
136 2424
137 300
138 300
139 300
140 300
141 300
142 300
143 300
144 300
145 300
146 300
147 300
148 300
149 300
150 300
151 300
152 300
153 300
154 300
155 300
156 300
157 300
158 300
159 300
160 300
161 300
162 300
163 300
164 300
165 300
166 300
167 300
168 300
169 300
170 300
171 300
172 300
173 612
174 300
175 300
176 300
177 300
178 300
179 300
180 300
181 300
182 300
183 300
184 300
185 300
186 300
187 300
188 300
189 300
190 300
191 300
192 300
193 300
194 300
195 300
196 300
197 300
198 612
199 300
200 300
201 300
202 300
203 300
204 300
205 300
206 300
207 300
208 300
209 300
210 300
211 300
212 300
213 300
214 300
215 300
216 300
217 300
218 300
219 300
220 300
221 300
222 300
223 300
224 300
225 300
226 300
227 300
228 300
229 300
230 300
231 300
232 300
233 300
234 300
235 300
236 300
237 300
238 300
239 300
240 300
241 300
242 300
243 300
244 300
245 300
246 300
247 300
248 300
249 300
250 300
251 300
252 300
253 300
254 300
255 300
256 300
257 300
258 300
259 300
260 300
261 300
262 300
263 300
264 300
265 300
266 300
267 300
268 300
269 300
270 300
271 300
272 300
273 300
274 300
275 300
276 300
277 300
278 300
279 300
280 300
281 300
282 300
283 300
284 300
285 300
286 300
287 300
288 300
289 300
290 300
291 300
292 300
293 300
294 300
295 300
296 300
297 300
298 300
299 300
300 300
301 300
302 300
303 300
304 300
305 300
306 300
307 300
308 300
309 300
310 300
311 300
312 300
313 300
314 300
315 300
316 300
317 300
318 300
319 300
320 300
321 300
322 300
323 300
324 300
325 300
326 300
327 300
328 300
329 300
330 300
331 300
332 300
333 300
334 300
335 300
336 300
337 300
338 300
339 300
340 300
341 300
342 300
343 300
344 300
345 300
346 300
347 300
348 612
349 612
350 612
351 612
352 612
353 612
354 612
355 612
356 612
357 612
358 612
359 612
360 612
361 612
362 612
363 612
364 612
365 612
366 612
367 612
368 612
369 612
370 612
371 612
372 612
373 612
374 612
375 612
376 612
377 612
378 612
379 612
380 612
381 612
382 612
383 612
384 612
385 612
386 612
387 612
388 612
389 1245
390 612
391 612
392 612
393 612
394 612
395 612
396 612
397 612
398 612
399 612
400 612
401 612
402 612
403 612
404 612
405 612
406 612
407 612
408 612
409 612
410 612
411 612
412 612
413 612
414 612
415 612
416 612
417 612
418 612
419 612
420 612
421 612
422 612
423 612
424 612
425 612
426 612
427 612
428 612
429 612
430 612
431 612
432 612
433 612
434 612
435 612
436 612
437 612
438 612
439 612
440 612
441 612
442 612
443 612
444 612
445 612
446 612
447 612
448 612
449 612
450 612
451 612
452 612
453 612
454 612
455 612
456 612
457 612
458 612
459 612
460 612
461 612
462 612
463 612
464 612
465 612
466 612
467 612
468 612
469 612
470 612
471 612
472 612
473 612
474 612
475 612
476 612
477 612
478 612
479 612
480 612
481 612
482 612
483 612
484 612
485 612
486 612
487 612
488 612
489 612
490 612
491 612
492 612
493 612
494 612
495 612
496 612
497 612
498 612
499 612
500 612
501 612
502 612
503 612
504 612
505 612
2527 2424
2528 2424
2529 2424
2530 2424
2531 2424
2532 2536
2533 2424
2534 2424
2535 2424
2536 2536
2537 2424
2538 2435
2539 2536
2540 2424
2541 2424
2542 2536
2543 2536
2544 2424
2545 2536
2546 2536
2547 2424
2548 2424
2549 2536
2550 2536
2551 2536
2552 2536
2553 2536
2554 2536
2555 2424
2556 2536
2557 2424
2558 2424
2559 2536
2560 2536
2561 2536
2562 2424
2563 2536
2564 2536
2565 2424
2566 2424
2567 2424
2568 2424
2569 2424
2570 2424
2571 2424
2572 2424
2573 2536
2574 2536
2575 2536
2576 2536
2577 2424
2578 2536
2579 2536
2580 2424
2581 2424
2582 2424
2583 2435
2584 2536
2585 2435
2586 2536
2587 2424
2588 2424
2589 2424
2590 2536
2591 2536
2592 2424
2593 2536
2594 2424
2595 2424
2596 2424
2597 2424
2598 2424
2599 2424
2600 2536
2601 2536
2602 2536
2603 2424
2604 2536
2605 2424
2606 2536
2607 2536
2608 2424
2609 2424
2610 2424
2611 2536
2612 2424
2613 2536
2614 2424
2615 2536
2616 2424
2617 2424
2618 2424
2619 2536
2620 2435
2621 2424
2622 2401
2623 2536
2624 2536
2625 2536
2626 2435
2627 2435
2628 2424
2629 2424
2630 2536
2631 2536
2632 2424
2633 2435
2634 2424
2635 2424
2636 2435
2637 2424
2638 2536
2639 2435
2640 2435
2641 2424
2642 2424
2643 2424
2644 2424
2645 2435
2646 2536
2647 2435
2648 2435
2649 2424
2650 2401
2651 2424
2652 2424
2653 2424
2654 2536
2655 2536
2656 2424
2657 2435
2658 2435
2659 2435
2660 2435
2661 3194
2662 3194
2663 2917
2664 2917
2665 3194
2666 2917
2667 3194
2668 3194
2669 2917
2670 3311
2671 3194
2672 3194
2673 2917
2674 3194
2675 3194
2676 2917
2677 3194
2678 3194
2679 2917
2680 2917
2681 2917
2682 3194
2683 2917
2684 3194
2685 3194
2686 3194
2687 3194
2688 3194
2689 2917
2690 3194
2691 3194
2692 3194
2693 3194
2694 2917
2695 2917
2696 3194
2697 3194
2698 2917
2699 3311
2700 3194
2701 3194
2702 3194
2703 3311
2704 300
2705 2917
2706 2917
2707 3194
2708 3194
2709 3194
2710 2917
2711 3194
2712 3194
2713 3194
2714 3194
2715 3194
2716 3194
2717 2917
2718 3194
2719 3194
2720 3194
2721 3194
2722 3194
2723 3194
2724 3194
2725 3194
2726 2917
2727 3194
2728 3194
2729 2917
2730 3194
2731 2917
2732 3194
2733 3194
2734 3194
2735 3194
2736 3194
2737 3194
2738 2917
2739 3194
2740 300
2741 2917
2742 3194
2743 2917
2744 3194
2745 2917
2746 2917
2747 3194
2748 3194
2749 2917
2750 2917
2751 3194
2752 3194
2753 3194
2754 2917
2755 2917
2756 2917
2757 2917
2758 3194
2759 2917
2760 3194
2761 2917
2762 3194
2763 2917
2764 3194
2765 3194
2766 2917
2767 3311
2768 3194
2769 2917
2770 3194
2771 3194
2772 3194
2773 2917
2774 3194
2775 3194
2776 3194
2777 2917
2778 3194
2779 3194
2780 3194
2781 3194
2782 2917
2783 3194
2784 3194
2785 3194
2786 2917
2787 3194
2788 3194
2789 2917
2790 3194
2791 3194
2792 3194
2793 3194
2794 2917
2795 3194
2796 3194
2797 3194
2798 2917
2799 3194
2800 2917
2801 3194
2802 3194
2803 3194
2804 3194
2805 3194
2806 2917
2807 2917
2808 3194
2809 2917
2810 2917
2811 3194
2812 3194
2813 3194
2814 300
2815 2917
2816 3194
2817 3194
2818 3194
2819 3194
2820 3194
2821 2917
2822 3194
2823 3194
2824 3194
2825 3194
2826 3194
2827 2917
2828 3194
2829 3194
2830 3194
2831 3194
2832 3194
2833 3194
2834 3311
2835 2917
2836 3194
2837 2917
2838 300
2839 2917
2840 3194
2841 3194
2842 3194
2843 3194
2844 3194
2845 3194
2846 3194
2847 3194
2848 3194
2849 3194
2850 2917
2851 2917
2852 2917
2853 3194
2854 2917
2855 3194
2856 3194
2857 3194
2858 3194
2859 3194
2860 3194
2861 3194
2862 2917
2863 3194
2864 2917
2865 3194
2866 2917
2867 2917
2868 3194
2869 3194
2870 3194
2871 3194
2872 2917
2873 2917
2874 2917
2875 3194
2876 3194
2877 2917
2878 3194
2879 3311
2880 2917
2881 3194
2882 3194
2883 3194
2884 2917
2885 300
2886 3194
2887 2917
2888 2917
2889 3311
2890 2917
2891 2917
2892 3194
2893 3194
2894 3194
2895 3194
2896 2917
2897 2917
2898 3194
2899 2917
2900 3194
2901 3194
2902 3194
2903 3194
2904 3194
2905 2917
2906 2917
2907 2917
2908 2917
2909 2917
2910 2917
2911 2917
2912 2917
2913 2917
2914 3194
2915 2917
2916 2917
2917 2917
2918 3194
2919 2917
2920 2917
2921 3194
2922 3194
2923 3194
2924 2917
2925 2917
2926 3194
2927 2917
2928 2917
2929 2917
2930 3194
2931 2917
2932 3194
2933 3194
2934 3194
2935 3194
2936 3194
2937 3194
2938 3194
2939 3194
2940 2917
2941 3194
2942 3194
2943 2917
2944 2917
2945 2917
2946 2917
2947 3194
2948 2917
2949 3194
2950 3194
2951 3194
2952 2917
2953 2917
2954 3194
2955 3194
2956 2917
2957 3194
2958 3194
2959 3311
2960 2917
2961 2917
2962 3194
2963 2917
2964 3194
2965 3194
2966 2917
2967 2917
2968 3194
2969 2917
2970 3194
2971 3194
2972 3311
2973 3194
2974 2917
2975 3194
2976 3194
2977 2917
2978 2917
2979 3194
2980 3194
2981 2917
2982 3311
2983 3194
2984 3194
2985 2917
2986 2917
2987 2917
2988 2917
2989 3194
2990 3194
2991 3194
2992 3194
2993 2917
2994 2917
2995 3194
2996 3194
2997 3194
2998 3194
2999 3194
3000 2917
3001 3194
3002 3194
3003 300
3004 2917
3005 3194
3006 3194
3007 3194
3008 3311
3009 3194
3010 2917
3011 3194
3012 3194
3013 3194
3014 2917
3015 3194
3016 3194
3017 3194
3018 3194
3019 3194
3020 3194
3021 3194
3022 2917
3023 2917
3024 3194
3025 2917
3026 2917
3027 3194
3028 3194
3029 2917
3030 2917
3031 3194
3032 3194
3033 2917
3034 3194
3035 3194
3036 2917
3037 3194
3038 3194
3039 3194
3040 2917
3041 3194
3042 2917
3043 3194
3044 2917
3045 2917
3046 3194
3047 2917
3048 3194
3049 3194
3050 3194
3051 3194
3052 2917
3053 3194
3054 2917
3055 3194
3056 2917
3057 3194
3058 3194
3059 2917
3060 3194
3061 3194
3062 3194
3063 3194
3064 2917
3065 2917
3066 3194
3067 3194
3068 3194
3069 3194
3070 3194
3071 3194
3072 3194
3073 2917
3074 3194
3075 3194
3076 3194
3077 3194
3078 2917
3079 3194
3080 2917
3081 3194
3082 3194
3083 3194
3084 2917
3085 2917
3086 3194
3087 3194
3088 3194
3089 3194
3090 2917
3091 3194
3092 2917
3093 3194
3094 3194
3095 2917
3096 2917
3097 3194
3098 2917
3099 3194
3100 3194
3101 3194
3102 3194
3103 3194
3104 2917
3105 3194
3106 3194
3107 3194
3108 2917
3109 3194
3110 3194
3111 3194
3112 3194
3113 3194
3114 2917
3115 3194
3116 3194
3117 2917
3118 3194
3119 2917
3120 3194
3121 3194
3122 3194
3123 2917
3124 3194
3125 3194
3126 3194
3127 3194
3128 3194
3129 2917
3130 2917
3131 3194
3132 3194
3133 3194
3134 3194
3135 2917
3136 3194
3137 2917
3138 3194
3139 2917
3140 3194
3141 3194
3142 2917
3143 2917
3144 3194
3145 3194
3146 3194
3147 3194
3148 3194
3149 2917
3150 3194
3151 3194
3152 3194
3153 2917
3154 3194
3155 3194
3156 3194
3157 3194
3158 2917
3159 3194
3160 3194
3161 3194
3162 3194
3163 2917
3164 3194
3165 3194
3166 2917
3167 3194
3168 3194
3169 3194
3170 3194
3171 3194
3172 3194
3173 3194
3174 2917
3175 3194
3176 3194
3177 3194
3178 3194
3179 3194
3180 3194
3181 3194
3182 3194
3183 3194
3184 2917
3185 3194
3186 3194
3187 3194
3188 3194
3189 3194
3190 3194
3191 3194
3192 3194
3193 2917
3194 3194
3195 2917
3196 3194
3197 3194
3198 3194
3199 3194
3200 3194
3201 3194
3202 2917
3203 3194
3204 3194
3205 3194
3206 3194
3207 3194
3208 3194
3209 3194
3210 3194
3211 3194
3212 3194
3213 2917
3214 3194
3215 3194
3216 3194
3217 3194
3218 3194
3219 3194
3220 2917
3221 3194
3222 3194
3223 3194
3224 3194
3225 3194
3226 2917
3227 2917
3228 2917
3229 2917
3230 3194
3231 2917
3232 2917
3233 3194
3234 2917
3235 3194
3236 3194
3237 2917
3238 2917
3239 3194
3240 3194
3241 3194
3242 3194
3243 2917
3244 3194
3245 3194
3246 3194
3247 3194
3248 3194
3249 3194
3250 2917
3251 3194
3252 3194
3253 3194
3254 3194
3255 3194
3256 3194
3257 2917
3258 3194
3259 3194
3260 3194
3261 3194
3262 3194
3263 3194
3264 3194
3265 3194
3266 3194
3267 3194
3268 3194
3269 2917
3270 3194
3271 3194
3272 3194
3273 3194
3274 3194
3275 3194
3276 3194
3277 3194
3278 3194
3279 3194
3280 3194
3281 3194
3282 3194
3283 3311
3284 2917
3285 3194
3286 2917
3287 3194
3288 3194
3289 3194
3290 300
3291 3194
3292 3194
3293 2917
3294 2917
3295 3194
3296 3194
3297 3194
3298 3194
3299 3194
3300 2917
3301 2917
3302 3194
3303 2917
3304 2917
3305 3194
3306 3194
3307 3194
3308 3194
3309 3311
3310 3194
3311 3311
3312 3194
3313 3194
3314 3311
3315 2917
3316 3194
3317 2917
3318 3311
3319 3194
3320 3194
3321 3194
3322 3194
3323 3194
3324 2917
3325 3311
3326 3194
3327 3194
3328 3194
3329 3194
3330 3194
3331 3194
3332 3194
3333 2917
3334 3194
3335 3194
3336 3194
3337 3194
3338 3194
3339 2917
3340 3194
3341 3194
3342 3194
3343 3194
3344 3194
3345 3194
3346 3194
3347 3194
3348 2917
3349 3194
3350 3194
3351 3194
3352 3194
3353 3194
3354 3194
3355 3194
3356 3194
3357 3194
3358 3194
3359 3194
3360 3194
3361 3194
3362 2917
3363 2917
3364 2917
3365 3194
3366 3194
3367 3194
3368 3194
3369 3194
3370 3194
3371 3194
3372 3194
3373 3194
3374 3194
3375 3194
3376 3194
3377 3194
3378 3194
3379 3194
3380 3194
3381 3194
3382 3311
3383 3194
3384 2917
3385 3194
3386 3194
3387 2917
3388 2917
3389 3194
3390 2917
3391 3194
3392 2917
3393 3194
3394 2917
3395 3194
3396 3194
3397 3194
3398 3194
3399 2917
3400 2917
3401 3194
3402 3194
3403 3194
3404 3194
3405 3194
3406 3194
3407 3194
3408 3194
3409 3194
3410 3194
3411 3194
3412 3194
3413 2917
3414 2917
3415 3194
3416 3194
3417 2917
3418 3194
3419 3194
3420 3194
3421 3194
3422 3194
3423 3311
3424 3194
3425 3194
3426 2917
3427 3194
3428 2917
3429 3194
3430 2917
3431 3194
3432 3194
3433 2917
3434 3194
3435 2917
3436 2917
3437 3792
3438 3792
3439 3792
3440 3792
3441 3792
3442 3792
3443 3792
3444 3792
3445 3792
3446 3792
3447 3792
3448 3792
3449 3792
3450 3792
3451 3792
3452 3792
3453 3792
3454 3792
3455 3792
3456 3792
3457 3792
3458 3792
3459 3792
3460 3792
3461 3792
3462 3792
3463 3792
3464 3792
3465 3792
3466 3792
3467 3792
3468 3792
3469 3792
3470 3792
3471 3792
3472 3792
3473 3792
3474 3792
3475 3792
3476 3792
3477 3792
3478 3792
3479 3792
3480 3792
3481 3792
3482 3792
3483 3792
3484 3792
3485 3792
3486 3792
3487 3792
3488 3792
3489 3792
3490 3792
3491 3792
3492 3792
3493 3792
3494 3792
3495 3792
3496 3792
3497 3792
3498 3792
3499 3792
3500 3792
3501 3792
3502 3792
3503 3792
3504 3792
3505 3792
3506 3792
3507 3792
3508 3792
3509 3792
3510 3792
3511 3792
3512 3792
3513 3792
3514 3792
3515 3792
3516 3792
3517 3792
3518 3792
3519 3792
3520 3792
3521 3792
3522 3792
3523 3792
3524 3792
3525 3792
3526 3792
3527 3792
3528 3792
3529 3792
3530 3792
3531 3792
3532 3792
3533 3792
3534 3792
3535 3792
3536 3792
3537 3792
3538 3792
3539 3792
3540 3792
3541 3792
3542 3792
3543 3792
3544 3792
3545 3792
3546 3792
3547 3792
3548 3792
3549 3792
3550 3792
3551 3792
3552 3792
3553 3792
3554 3792
3555 3792
3556 3792
3557 3792
3558 3792
3559 3792
3560 3792
3561 3792
3562 3792
3563 3792
3564 3792
3565 3792
3566 3792
3567 3792
3568 3792
3569 3792
3570 3792
3571 3792
3572 3792
3573 3792
3574 3792
3575 3792
3576 3792
3577 3792
3578 3792
3579 3792
3580 3792
3581 3792
3582 3792
3583 3792
3584 3792
3585 3792
3586 3792
3587 3792
3588 3792
3589 3792
3590 3792
3591 3792
3592 3792
3593 3792
3594 3792
3595 3792
3596 3792
3597 3792
3598 3792
3599 3792
3600 3792
3601 3792
3602 3792
3603 3792
3604 3792
3605 3792
3606 3792
3607 3792
3608 3792
3609 3792
3610 3792
3611 3792
3612 3792
3613 3792
3614 3792
3615 3792
3616 3792
3617 3792
3618 3792
3619 3792
3620 3792
3621 3792
3622 3792
3623 3792
3624 3792
3625 3792
3626 3792
3627 3792
3628 3792
3629 3792
3630 3792
3631 3792
3632 3792
3633 3792
3634 3792
3635 3792
3636 3792
3637 3792
3638 3792
3639 3792
3640 3792
3641 3792
3642 3792
3643 3792
3644 3792
3645 3792
3646 3792
3647 3792
3648 3792
3649 3792
3650 3792
3651 3792
3652 3792
3653 3792
3654 3792
3655 3792
3656 3792
3657 3792
3658 3792
3659 3792
3660 3792
3661 3792
3662 3792
3663 3792
3664 3792
3665 3792
3666 3792
3667 3792
3668 3792
3669 3792
3670 3792
3671 3792
3672 3792
3673 3792
3674 3792
3675 3792
3676 3792
3677 3792
3678 3792
3679 3792
3680 3792
3681 3792
3682 3792
3683 3792
3684 3792
3685 3792
3686 3792
3687 3792
3688 3792
3689 3792
3690 3792
3691 3792
3692 3792
3693 3792
3694 3792
3695 3792
3696 3792
3697 3792
3698 3792
3699 3792
3700 3792
3701 3792
3702 3792
3703 3792
3704 3792
3705 3792
3706 3792
3707 3792
3708 3792
3709 3792
3710 3792
3711 3792
3712 3792
3713 3792
3714 3792
3715 3792
3716 3792
3717 3792
3718 3792
3719 3792
3720 3792
3721 3792
3722 3792
3723 3792
3724 3792
3725 3792
3726 3792
3727 3792
3728 3792
3729 3792
3730 3792
3731 3792
3732 3792
3733 3792
3734 3792
3735 3792
3736 3792
3737 3792
3738 3792
3739 3792
3740 3792
3741 3792
3742 3792
3743 3792
3744 3792
3745 3792
3746 3792
3747 3792
3748 3792
3749 3792
3750 3792
3751 3792
3752 3792
3753 3792
3754 3792
3755 3792
3756 3792
3757 3792
3758 3792
3759 3792
3760 3792
3761 3792
3762 3792
3763 3792
3764 3792
3765 3792
3766 3792
3767 3792
3768 3792
3769 3792
3770 3792
3771 3792
3772 3792
3773 3792
3774 3792
3775 3792
3776 3792
3777 3792
3778 3792
3779 3792
3780 3792
3781 3792
3782 3792
3783 3792
3784 3792
3785 3792
3786 3792
3787 3792
3788 3792
3789 3792
3790 3792
3791 3792
3792 3792
3793 3792
3794 3792
3795 3792
3796 3792
3797 3792
3798 3792
3799 3792
3800 3792
3801 3792
3802 3792
3803 3792
3804 3792
3805 3792
3806 3792
3807 3792
3808 3792
3809 3792
3810 3792
3811 3792
3812 3792
3813 3792
3814 3792
3815 3792
3816 3792
3817 3792
3818 3792
3819 3792
3820 3792
3821 3792
3822 3792
3823 3792
3824 3792
3825 3792
3826 3792
3827 3792
3828 3792
3829 3792
3830 3792
3831 3792
3832 3792
3833 3792
3834 3792
3835 3792
3836 3792
3837 3792
3838 3792
3839 3792
3840 3792
3841 3792
3842 3792
3843 3792
3844 3792
3845 3792
3846 3792
3847 3792
3848 3792
3849 3792
3850 3792
3851 3792
3852 3792
3853 3792
3854 3792
3855 3792
3856 3792
3857 3792
3858 3792
3859 3792
3860 3792
3861 3792
3862 3792
3863 3792
3864 3792
3865 3792
3866 3792
3867 3792
3868 3792
3869 3792
3870 3792
3871 3792
3872 3792
3873 3792
3874 3792
3875 3792
3876 3792
3877 3792
3878 3792
3879 3792
3880 3792
3881 3792
3882 3792
3883 3792
3884 3792
3885 3792
3886 3792
3887 3792
3888 3792
3889 3792
3890 3792
3891 3792
3892 3792
3893 3792
3894 3792
3895 3792
3896 3792
3897 3792
3898 3792
3899 3792
3900 3792
3901 3792
3902 3792
3903 3792
3904 3792
3905 3792
3906 3792
3907 3792
3908 3792
3909 3792
3910 3792
3911 3792
3912 3792
3913 3792
3914 3792
3915 3792
3916 3792
3917 3792
3918 3792
3919 3792
3920 3792
3921 3792
3922 3792
3923 3792
3924 3792
3925 3792
3926 3792
3927 3792
3928 3792
3929 3792
3930 3792
3931 3792
3932 3792
3933 3792
3934 3792
3935 3792
3936 3792
3937 3792
3938 3792
3939 3792
3940 3792
3941 3792
3942 3792
3943 3792
3944 3792
3945 3792
3946 3792
3947 3792
3948 3792
3949 3792
3950 3792
3951 3792
3952 3792
3953 3792
3954 3792
3955 3792
3956 3792
3957 3792
3958 3792
3959 3792
3960 3792
3961 3792
3962 3792
3963 3792
3964 3792
3965 3792
3966 3792
3967 3792
3968 3792
3969 3792
3970 3792
3971 3792
3972 3792
3973 3792
3974 3792
3975 3792
3976 3792
3977 3792
3978 3792
3979 3792
3980 4018
3981 4018
3982 4018
3983 4018
3984 4018
3985 4018
3986 4018
3987 4018
3988 4018
3989 4018
3990 4018
3991 4018
3992 4018
3993 4018
3994 4018
3995 4018
3996 4018
3997 4018
3998 4018
3999 4018
4000 4018
4001 4018
4002 4018
4003 4018
4004 4018
4005 4018
4006 4018
4007 4018
4008 4018
4009 4018
4010 4018
4011 4018
4012 4018
4013 4018
4014 4018
4015 4018
4016 4018
4017 4018
4018 4018
4019 4018
4020 4018
4021 4018
4022 4018
4023 4018
4024 4018
4025 4018
4026 4018
4027 4018
4028 4018
4029 4018
4030 4018
4031 4018
4032 4018
4033 4018
4034 4018
4035 4018
4036 4018
4037 4018
4038 4018
506 612
507 612
508 612
509 612
510 612
511 612
512 612
513 612
514 612
515 612
516 612
517 612
518 612
519 612
520 612
521 612
522 612
523 612
524 612
525 612
526 612
527 612
528 612
529 612
530 612
531 612
532 612
533 612
534 612
535 612
536 612
537 612
538 612
539 612
540 612
541 612
542 612
543 612
544 612
545 612
546 612
547 612
548 612
549 612
550 612
551 612
552 612
553 612
554 612
555 612
556 612
557 612
558 612
559 612
560 612
561 612
562 612
563 612
564 612
565 612
566 612
567 612
568 612
569 612
570 612
571 612
572 612
573 612
574 612
575 612
576 650
577 650
578 650
579 612
580 612
581 612
582 650
583 650
584 612
585 612
586 612
587 612
588 612
589 612
590 612
591 612
592 612
593 612
594 4018
595 650
596 1245
597 612
598 612
599 650
600 650
601 612
602 612
603 612
604 612
605 612
606 612
607 612
608 612
609 612
610 612
611 612
612 612
613 612
614 612
615 650
616 612
617 612
618 612
619 612
620 612
621 612
622 612
623 612
624 612
625 612
626 612
627 650
628 650
629 612
630 612
631 612
632 650
633 612
634 612
635 650
636 612
637 612
638 612
639 612
640 650
641 612
642 612
643 650
644 612
645 612
646 612
647 650
648 612
649 612
650 650
651 612
652 612
653 612
654 612
655 612
656 612
657 612
658 650
659 650
660 612
661 650
662 650
663 612
664 612
665 650
666 612
667 612
668 612
669 612
670 650
671 612
672 612
673 612
674 612
675 650
676 612
677 612
678 612
679 612
680 612
681 650
682 612
683 612
684 612
685 612
686 831
687 831
688 831
689 831
690 831
691 831
692 831
693 831
694 831
695 831
696 831
697 831
698 831
699 831
700 831
701 831
702 831
703 831
704 831
705 831
706 831
707 831
708 831
709 831
710 831
711 831
712 831
713 831
714 831
715 831
716 831
717 831
718 831
719 831
720 831
721 831
722 831
723 831
724 831
725 831
726 831
727 831
728 831
729 831
730 831
731 831
732 831
733 831
734 831
735 831
736 831
737 831
738 831
739 831
740 831
741 831
742 831
743 831
744 831
745 831
746 831
747 831
748 831
749 831
750 831
751 831
752 831
753 831
754 831
755 831
756 831
757 831
758 831
759 831
760 831
761 831
762 831
763 831
764 831
765 831
766 831
767 831
768 831
769 831
770 831
771 831
772 831
773 831
774 831
775 831
776 831
777 831
778 831
779 831
780 831
781 831
782 831
783 831
784 831
785 831
786 831
787 831
788 831
789 831
790 831
791 831
792 831
793 831
794 831
795 831
796 831
797 831
798 831
799 831
800 831
801 831
802 831
803 831
804 831
805 831
806 831
807 831
808 831
809 831
810 831
811 831
812 831
813 831
814 831
815 831
816 831
817 831
818 831
819 831
820 831
821 831
822 831
823 831
824 831
825 831
826 831
827 831
828 831
829 831
830 831
831 831
832 831
833 831
834 831
835 831
836 831
837 831
838 831
839 831
840 831
841 831
842 831
843 831
844 831
845 831
846 831
847 831
848 831
849 831
850 831
851 831
852 831
853 831
854 831
855 831
856 831
857 3792
858 831
859 831
860 831
861 831
862 3792
863 831
864 831
865 3792
866 831
867 831
868 3792
869 831
870 831
871 831
872 831
873 831
874 831
875 831
876 831
877 831
878 831
879 831
880 831
881 831
882 831
883 831
884 831
885 831
886 831
887 831
888 831
889 831
890 831
891 831
892 831
893 831
894 831
895 831
896 1245
897 1905
898 1245
899 1905
900 1178
901 1748
902 1245
903 1748
904 1905
905 612
906 1905
907 1905
908 1178
909 1748
910 612
911 1905
912 612
913 1245
914 1245
915 612
916 1905
917 1245
918 1905
919 1245
920 1905
921 1905
922 1905
923 3194
924 1245
925 1905
926 1905
927 1905
928 1178
929 3194
930 612
931 612
932 1905
933 1245
934 1905
935 1245
936 612
937 1245
938 1748
939 612
940 1245
941 1245
942 1245
943 1245
944 1245
945 1245
946 1905
947 1905
948 612
949 1245
950 1178
951 1178
952 1905
953 1905
954 1245
955 1748
956 1748
957 1245
958 1748
959 1905
960 1905
961 1905
962 612
963 1748
964 1245
965 1245
966 1905
967 1905
968 1245
969 1245
970 1178
971 1245
972 1905
973 1905
974 1245
975 1245
976 612
977 1245
978 1905
979 1748
980 1905
981 1245
982 1905
983 1905
984 1245
985 1245
986 1245
987 1748
988 1245
989 1245
990 3194
991 1905
992 1748
993 1905
994 1245
995 1905
996 3194
997 1905
998 1905
999 1905
1000 1245
1001 612
1002 1905
1003 1905
1004 1905
1005 1245
1006 1905
1007 1245
1008 1905
1009 1245
1010 1245
1011 1245
1012 612
1013 612
1014 1245
1015 1245
1016 1748
1017 1905
1018 1245
1019 1245
1020 1245
1021 1245
1022 1905
1023 1178
1024 1905
1025 612
1026 1905
1027 1905
1028 1905
1029 1905
1030 1748
1031 3194
1032 1245
1033 1178
1034 1905
1035 1245
1036 1245
1037 1245
1038 1905
1039 1905
1040 1905
1041 1245
1042 1245
1043 1748
1044 1245
1045 1748
1046 1905
1047 1905
1048 1905
1049 1905
1050 1905
1051 1245
1052 1245
1053 1748
1054 1905
1055 1905
1056 1905
1057 1748
1058 1905
1059 1905
1060 1245
1061 1178
1062 1245
1063 1905
1064 612
1065 1245
1066 1245
1067 1245
1068 1905
1069 1905
1070 1245
1071 1905
1072 1245
1073 1178
1074 1905
1075 1905
1076 1905
1077 1905
1078 1905
1079 1905
1080 612
1081 1245
1082 1245
1083 1905
1084 1905
1085 3792
1086 1905
1087 3194
1088 1178
1089 1245
1090 1245
1091 1905
1092 1905
1093 1245
1094 612
1095 612
1096 1905
1097 1748
1098 1178
1099 1245
1100 1245
1101 1905
1102 1245
1103 1245
1104 1245
1105 1905
1106 1245
1107 1905
1108 1245
1109 1245
1110 1905
1111 1748
1112 1905
1113 612
1114 612
1115 1245
1116 1905
1117 1905
1118 1748
1119 1905
1120 1245
1121 1245
1122 612
1123 1905
1124 1905
1125 1905
1126 1905
1127 1245
1128 1905
1129 1245
1130 1905
1131 1245
1132 1905
1133 1905
1134 1245
1135 1905
1136 1178
1137 1748
1138 1748
1139 1245
1140 3194
1141 1245
1142 612
1143 1245
1144 1178
1145 1905
1146 1905
1147 1245
1148 1245
1149 1905
1150 1905
1151 1905
1152 1245
1153 1905
1154 612
1155 612
1156 1905
1157 1905
1158 1245
1159 1245
1160 1905
1161 1905
1162 612
1163 1905
1164 1905
1165 3194
1166 1245
1167 1245
1168 1245
1169 1245
1170 1245
1171 1905
1172 1905
1173 1905
1174 1178
1175 1905
1176 1245
1177 1748
1178 3194
1179 612
1180 1905
1181 1905
1182 1905
1183 1245
1184 1905
1185 1905
1186 1748
1187 1178
1188 1245
1189 1245
1190 1245
1191 1905
1192 1245
1193 3194
1194 1905
1195 1905
1196 1905
1197 1748
1198 1905
1199 1905
1200 1905
1201 1905
1202 1905
1203 1178
1204 1245
1205 1905
1206 1905
1207 1905
1208 1905
1209 1905
1210 612
1211 1905
1212 612
1213 1245
1214 1905
1215 1245
1216 1748
1217 1245
1218 1748
1219 1905
1220 1905
1221 1245
1222 1905
1223 612
1224 1905
1225 1245
1226 1245
1227 1245
1228 1245
1229 1245
1230 1905
1231 1245
1232 1748
1233 1245
1234 612
1235 1245
1236 1245
1237 612
1238 1905
1239 1905
1240 1748
1241 1245
1242 1905
1243 1905
1244 1245
1245 1245
1246 1245
1247 1245
1248 1245
1249 1245
1250 1905
1251 1178
1252 1748
1253 1905
1254 1748
1255 1905
1256 1905
1257 1245
1258 1245
1259 1245
1260 1245
1261 1245
1262 1905
1263 612
1264 1245
1265 1905
1266 1905
1267 1905
1268 1245
1269 1905
1270 1905
1271 1905
1272 1905
1273 1245
1274 1178
1275 1245
1276 1905
1277 1245
1278 1905
1279 1245
1280 1905
1281 1245
1282 1245
1283 1905
1284 1245
1285 1905
1286 1245
1287 1905
1288 1905
1289 1905
1290 1905
1291 1905
1292 1245
1293 1905
1294 612
1295 612
1296 1245
1297 1905
1298 1245
1299 1245
1300 612
1301 1905
1302 1905
1303 1245
1304 1245
1305 1905
1306 1245
1307 1178
1308 1245
1309 1245
1310 1245
1311 1245
1312 1905
1313 612
1314 1748
1315 1245
1316 1245
1317 3194
1318 612
1319 1748
1320 612
1321 1905
1322 1245
1323 1905
1324 1245
1325 1178
1326 1905
1327 1905
1328 1178
1329 1905
1330 1905
1331 1905
1332 612
1333 1748
1334 1905
1335 1905
1336 1905
1337 1905
1338 1245
1339 1905
1340 1905
1341 1905
1342 612
1343 1245
1344 1905
1345 1245
1346 1905
1347 1245
1348 1245
1349 612
1350 1245
1351 1905
1352 1905
1353 1748
1354 1245
1355 1245
1356 612
1357 612
1358 612
1359 1905
1360 1178
1361 1905
1362 1245
1363 1748
1364 1245
1365 1905
1366 1245
1367 1905
1368 1748
1369 1905
1370 1905
1371 1748
1372 612
1373 1245
1374 612
1375 1905
1376 1905
1377 1905
1378 1748
1379 1245
1380 1905
1381 1245
1382 1245
1383 1905
1384 1748
1385 1245
1386 1905
1387 1905
1388 1905
1389 1905
1390 1905
1391 1905
1392 1245
1393 1905
1394 1748
1395 1905
1396 1245
1397 612
1398 1905
1399 1905
1400 612
1401 1905
1402 1905
1403 1748
1404 1245
1405 1905
1406 1245
1407 1905
1408 612
1409 1905
1410 1178
1411 1905
1412 1245
1413 1245
1414 1245
1415 1245
1416 1905
1417 1245
1418 1245
1419 1905
1420 1905
1421 1178
1422 612
1423 1245
1424 1748
1425 612
1426 1245
1427 612
1428 1245
1429 1245
1430 612
1431 1905
1432 1245
1433 1178
1434 1905
1435 1245
1436 1245
1437 1905
1438 1245
1439 1905
1440 1905
1441 1905
1442 1905
1443 612
1444 1245
1445 1178
1446 612
1447 1905
1448 1245
1449 1905
1450 3194
1451 1245
1452 1748
1453 612
1454 1245
1455 612
1456 1905
1457 1905
1458 1905
1459 1245
1460 1905
1461 3194
1462 1245
1463 1905
1464 612
1465 2424
1466 1905
1467 1905
1468 1748
1469 1245
1470 1905
1471 1905
1472 1245
1473 1245
1474 1245
1475 1245
1476 1905
1477 3194
1478 612
1479 1245
1480 1905
1481 1245
1482 1245
1483 1905
1484 1905
1485 1905
1486 1905
1487 612
1488 1905
1489 1245
1490 612
1491 1905
1492 1245
1493 1748
1494 1178
1495 1245
1496 1245
1497 612
1498 1905
1499 1748
1500 1245
1501 1905
1502 1245
1503 1245
1504 1245
1505 3194
1506 612
1507 1245
1508 1245
1509 1905
1510 1245
1511 1178
1512 612
1513 1905
1514 612
1515 1245
1516 1905
1517 1905
1518 1905
1519 1905
1520 1905
1521 1905
1522 1905
1523 1905
1524 1905
1525 1245
1526 612
1527 1905
1528 1905
1529 1245
1530 1905
1531 1245
1532 1905
1533 1748
1534 3194
1535 1905
1536 1245
1537 1905
1538 1905
1539 1905
1540 1905
1541 1245
1542 1905
1543 612
1544 1905
1545 612
1546 1748
1547 1905
1548 1748
1549 612
1550 1245
1551 1905
1552 1905
1553 1178
1554 1905
1555 1178
1556 1905
1557 1905
1558 1905
1559 1905
1560 1905
1561 1905
1562 1748
1563 1905
1564 1905
1565 612
1566 612
1567 1178
1568 1748
1569 1245
1570 1905
1571 1905
1572 1905
1573 1245
1574 612
1575 1245
1576 1245
1577 2424
1578 1245
1579 1178
1580 1905
1581 1905
1582 1245
1583 1245
1584 1905
1585 1905
1586 1905
1587 1245
1588 1178
1589 1905
1590 1905
1591 1245
1592 1245
1593 1178
1594 1905
1595 1245
1596 1245
1597 1905
1598 1905
1599 612
1600 1905
1601 1748
1602 612
1603 1905
1604 1905
1605 1905
1606 612
1607 1748
1608 1905
1609 1905
1610 1905
1611 1245
1612 1905
1613 1905
1614 1905
1615 1178
1616 612
1617 1905
1618 1905
1619 1905
1620 1905
1621 1905
1622 1905
1623 1905
1624 1245
1625 612
1626 1905
1627 1905
1628 1245
1629 1748
1630 1245
1631 612
1632 1905
1633 1245
1634 1245
1635 1245
1636 1245
1637 1905
1638 1245
1639 1905
1640 1245
1641 3194
1642 3194
1643 1905
1644 1905
1645 612
1646 1245
1647 1245
1648 1748
1649 1245
1650 1245
1651 1905
1652 1905
1653 1905
1654 612
1655 1245
1656 3194
1657 612
1658 1245
1659 1905
1660 612
1661 1245
1662 1905
1663 1905
1664 1245
1665 1905
1666 3194
1667 1245
1668 1905
1669 1905
1670 1905
1671 612
1672 1245
1673 612
1674 1905
1675 1905
1676 1178
1677 612
1678 1905
1679 612
1680 1245
1681 1245
1682 1245
1683 1905
1684 3194
1685 1905
1686 1245
1687 1178
1688 1905
1689 1905
1690 1245
1691 1245
1692 612
1693 1748
1694 612
1695 612
1696 612
1697 1905
1698 1178
1699 1245
1700 1905
1701 3194
1702 1905
1703 1245
1704 1245
1705 1178
1706 1245
1707 1905
1708 1178
1709 1245
1710 1905
1711 1905
1712 1905
1713 1178
1714 1905
1715 1245
1716 1245
1717 1905
1718 2424
1719 1178
1720 1245
1721 1905
1722 1905
1723 1905
1724 1905
1725 1245
1726 3194
1727 1245
1728 1245
1729 1245
1730 1905
1731 612
1732 1245
1733 1748
1734 1905
1735 1905
1736 1905
1737 1905
1738 1245
1739 1245
1740 612
1741 1905
1742 1245
1743 612
1744 612
1745 1245
1746 1905
1747 1748
1748 1245
1749 1245
1750 1905
1751 1245
1752 1905
1753 1905
1754 1905
1755 1245
1756 1245
1757 1905
1758 3194
1759 1245
1760 1748
1761 1905
1762 612
1763 612
1764 1245
1765 1905
1766 612
1767 612
1768 1905
1769 1905
1770 1245
1771 1905
1772 1905
1773 612
1774 1905
1775 1905
1776 612
1777 612
1778 612
1779 1905
1780 1905
1781 1245
1782 1905
1783 1245
1784 1748
1785 1245
1786 1245
1787 1748
1788 1748
1789 1905
1790 612
1791 1905
1792 3194
1793 1905
1794 1245
1795 1905
1796 1905
1797 1905
1798 1748
1799 1905
1800 1905
1801 612
1802 1748
1803 1178
1804 1905
1805 1905
1806 1178
1807 1245
1808 612
1809 1905
1810 1905
1811 1905
1812 1245
1813 1905
1814 612
1815 1245
1816 1905
1817 1905
1818 1245
1819 1905
1820 1245
1821 1905
1822 1905
1823 1905
1824 1245
1825 1178
1826 1905
1827 1905
1828 1245
1829 612
1830 1245
1831 612
1832 1905
1833 1905
1834 1905
1835 1905
1836 1905
1837 1748
1838 3194
1839 1905
1840 1245
1841 1245
1842 1905
1843 1905
1844 612
1845 1905
1846 1905
1847 1245
1848 1245
1849 1905
1850 1245
1851 1905
1852 1905
1853 612
1854 1905
1855 1245
1856 1905
1857 1245
1858 1905
1859 1245
1860 1905
1861 1905
1862 1245
1863 1905
1864 1905
1865 1905
1866 1178
1867 1905
1868 1905
1869 1245
1870 612
1871 1245
1872 1245
1873 1245
1874 1905
1875 1245
1876 1245
1877 1905
1878 612
1879 1905
1880 1748
1881 612
1882 612
1883 1905
1884 1245
1885 1245
1886 1905
1887 1245
1888 1905
1889 1748
1890 1905
1891 1905
1892 1748
1893 1245
1894 1245
1895 1748
1896 1748
1897 1245
1898 1905
1899 1245
1900 1905
1901 612
1902 1905
1903 1245
1904 1245
1905 1905
1906 1245
1907 1245
1908 1178
1909 1905
1910 612
1911 1905
1912 2424
1913 2424
1914 2435
1915 2424
1916 2424
1917 2536
1918 2536
1919 2435
1920 2424
1921 2435
1922 2424
1923 2424
1924 2401
1925 2536
1926 2424
1927 2435
1928 2435
1929 2536
1930 2424
1931 2435
1932 2424
1933 2424
1934 2424
1935 2435
1936 2424
1937 2424
1938 2536
1939 2424
1940 2424
1941 2424
1942 2536
1943 2536
1944 2424
1945 2424
1946 2536
1947 2424
1948 2424
1949 2424
1950 2435
1951 2435
1952 2424
1953 2536
1954 2424
1955 2424
1956 2424
1957 2435
1958 2435
1959 2424
1960 2424
1961 2424
1962 2536
1963 2536
1964 2424
1965 2424
1966 2536
1967 612
1968 2435
1969 2424
1970 2424
1971 2536
1972 2435
1973 2435
1974 2424
1975 2424
1976 2435
1977 2424
1978 2424
1979 2536
1980 2435
1981 2424
1982 2424
1983 2536
1984 2536
1985 2536
1986 2536
1987 2424
1988 2401
1989 2536
1990 2424
1991 2435
1992 2401
1993 2536
1994 2424
1995 2435
1996 2424
1997 2536
1998 2435
1999 2435
2000 2435
2001 2435
2002 2424
2003 2424
2004 2435
2005 2536
2006 2435
2007 2424
2008 2424
2009 2435
2010 2424
2011 2435
2012 2435
2013 2435
2014 2435
2015 2424
2016 2435
2017 2424
2018 2435
2019 2536
2020 2536
2021 2536
2022 2435
2023 2424
2024 2435
2025 2435
2026 2424
2027 2435
2028 2424
2029 2424
2030 2536
2031 2424
2032 2424
2033 2536
2034 2424
2035 2424
2036 2424
2037 2536
2038 2424
2039 2424
2040 2536
2041 2424
2042 2424
2043 2536
2044 2536
2045 2536
2046 2536
2047 2424
2048 2424
2049 2424
2050 2435
2051 2424
2052 2424
2053 2424
2054 2424
2055 2536
2056 2536
2057 2424
2058 2536
2059 2536
2060 2536
2061 2435
2062 2424
2063 2536
2064 2536
2065 2424
2066 2424
2067 2536
2068 2424
2069 2536
2070 2424
2071 2424
2072 2424
2073 2536
2074 2536
2075 2424
2076 2401
2077 2536
2078 2536
2079 2424
2080 2424
2081 2424
2082 2424
2083 2536
2084 2536
2085 2424
2086 2536
2087 2424
2088 2536
2089 2424
2090 2536
2091 2424
2092 2536
2093 2536
2094 2424
2095 2536
2096 2424
2097 2435
2098 2536
2099 2424
2100 2424
2101 2424
2102 2424
2103 2536
2104 2536
2105 2424
2106 2424
2107 2424
2108 2536
2109 2536
2110 2424
2111 2424
2112 2536
2113 2424
2114 2424
2115 2536
2116 2435
2117 2424
2118 2536
2119 2424
2120 2424
2121 2536
2122 2536
2123 2536
2124 2536
2125 2424
2126 2424
2127 2424
2128 2424
2129 2424
2130 2424
2131 2536
2132 2424
2133 2424
2134 2424
2135 2424
2136 2536
2137 2424
2138 2424
2139 2536
2140 2536
2141 2424
2142 2536
2143 2424
2144 2424
2145 2424
2146 2424
2147 2536
2148 2424
2149 2424
2150 2536
2151 2424
2152 2424
2153 2424
2154 2536
2155 2424
2156 2424
2157 2435
2158 2424
2159 2435
2160 2424
2161 2424
2162 2424
2163 2424
2164 2536
2165 2536
2166 2424
2167 2424
2168 2424
2169 2424
2170 2401
2171 2435
2172 2536
2173 2424
2174 2424
2175 2424
2176 2424
2177 2424
2178 2424
2179 2536
2180 2424
2181 2424
2182 2424
2183 2424
2184 2536
2185 2424
2186 2424
2187 2424
2188 2536
2189 2424
2190 2536
2191 2424
2192 2435
2193 2424
2194 2424
2195 2424
2196 2424
2197 2424
2198 2424
2199 2424
2200 2536
2201 2536
2202 2435
2203 2424
2204 2424
2205 2424
2206 2536
2207 2401
2208 2424
2209 2424
2210 2536
2211 2424
2212 2536
2213 2536
2214 2424
2215 2424
2216 2536
2217 2424
2218 2536
2219 2424
2220 2536
2221 2424
2222 2424
2223 2424
2224 2424
2225 2435
2226 2424
2227 2424
2228 2424
2229 2536
2230 2424
2231 2424
2232 2424
2233 2536
2234 2536
2235 2424
2236 2424
2237 2536
2238 2424
2239 2424
2240 2536
2241 2424
2242 2424
2243 2424
2244 2536
2245 2424
2246 2424
2247 2424
2248 2424
2249 2424
2250 2424
2251 2424
2252 2424
2253 2536
2254 2424
2255 2401
2256 2424
2257 2536
2258 2536
2259 2424
2260 2424
2261 2536
2262 2536
2263 2424
2264 2424
2265 2424
2266 2536
2267 2424
2268 2424
2269 2424
2270 2424
2271 2536
2272 2424
2273 2424
2274 2424
2275 2536
2276 2536
2277 2424
2278 2536
2279 2424
2280 2424
2281 2424
2282 2424
2283 2424
2284 2435
2285 2424
2286 2424
2287 2536
2288 2536
2289 2424
2290 2536
2291 2424
2292 2424
2293 2424
2294 2424
2295 2424
2296 2424
2297 2435
2298 2424
2299 2536
2300 2536
2301 2424
2302 2424
2303 2536
2304 2424
2305 2424
2306 2536
2307 2536
2308 2536
2309 2536
2310 2424
2311 2536
2312 2424
2313 2424
2314 2424
2315 2424
2316 2424
2317 2424
2318 2424
2319 2424
2320 2401
2321 2424
2322 2424
2323 2536
2324 2536
2325 2424
2326 2536
2327 2424
2328 2424
2329 2536
2330 2424
2331 2536
2332 2424
2333 2424
2334 2536
2335 2424
2336 2424
2337 2435
2338 2424
2339 2536
2340 2536
2341 2424
2342 2424
2343 2424
2344 2424
2345 2424
2346 2435
2347 2536
2348 2536
2349 2401
2350 2536
2351 2424
2352 2536
2353 2536
2354 2536
2355 2424
2356 2536
2357 2424
2358 2424
2359 2536
2360 2424
2361 2424
2362 2424
2363 2536
2364 2435
2365 2435
2366 2424
2367 2424
2368 2424
2369 2536
2370 2536
2371 2424
2372 2424
2373 2424
2374 2536
2375 2424
2376 2536
2377 2424
2378 2435
2379 2424
2380 2424
2381 2536
2382 2424
2383 2536
2384 2424
2385 2424
2386 2536
2387 2536
2388 2424
2389 2424
2390 2424
2391 2536
2392 2536
2393 2536
2394 2424
2395 2536
2396 2424
2397 2424
2398 2424
2399 2424
2400 2424
2401 2401
2402 2424
2403 2424
2404 2536
2405 2424
2406 2424
2407 2536
2408 2536
2409 2536
2410 2536
2411 2424
2412 2424
2413 2424
2414 2536
2415 2424
2416 2424
2417 2424
2418 2536
2419 2424
2420 2424
2421 2424
2422 2424
2423 2536
2424 2424
2425 2424
2426 2401
2427 2536
2428 2536
2429 2536
2430 2536
2431 2424
2432 2424
2433 2536
2434 2424
2435 2435
2436 2424
2437 2424
2438 2424
2439 2424
2440 2424
2441 2424
2442 2536
2443 2536
2444 2401
2445 2424
2446 2536
2447 2435
2448 2424
2449 2536
2450 2424
2451 2424
2452 2424
2453 2424
2454 2536
2455 2424
2456 2424
2457 2424
2458 2424
2459 2435
2460 2536
2461 2424
2462 2536
2463 2424
2464 2536
2465 2424
2466 2401
2467 2536
2468 2536
2469 2536
2470 2424
2471 2424
2472 2424
2473 2424
2474 2424
2475 2424
2476 2536
2477 2536
2478 2536
2479 2424
2480 2424
2481 2424
2482 2536
2483 2424
2484 2536
2485 2536
2486 2401
2487 2424
2488 2424
2489 2536
2490 2401
2491 2424
2492 2536
2493 2424
2494 2435
2495 2536
2496 2424
2497 2424
2498 2424
2499 2536
2500 2536
2501 2424
2502 2424
2503 2424
2504 2536
2505 2424
2506 2536
2507 2536
2508 2424
2509 2424
2510 2424
2511 2424
2512 2424
2513 2401
2514 2424
2515 2401
2516 2424
2517 2424
2518 2424
2519 2424
2520 2536
2521 2536
2522 2424
2523 2424
2524 2536
2525 2424
2526 2536
